Pedestrian 0.0 0 1.0282351970672607 418.2590026855469 174.06375122070312 473.7872009277344 262.79931640625 0.8472437 1.7326701 0.77406853 -3.387983 1.7585994 14.675359 0.8013482093811035 0.7512306571006775
Pedestrian 0.0 0 -1.0685510635375977 803.0447998046875 183.41903686523438 851.0963134765625 268.7648620605469 0.68105763 1.7992657 0.7803162 4.7188535 2.039367 15.853603 -0.7792500257492065 0.2534235715866089
Pedestrian 0.0 0 1.9625244140625 1082.1588134765625 178.53659057617188 1175.2747802734375 324.2218322753906 0.6985027 1.6615676 0.7053646 6.229628 1.7346631 8.7486725 2.5813021659851074 0.2104141116142273
Pedestrian 0.0 0 -1.2346824407577515 1134.553466796875 195.2733917236328 1242.0 368.6485900878906 0.7434005 1.5947182 0.7924041 5.883776 1.8386804 7.3045645 -0.5566009283065796 0.13138838112354279
Cyclist 0.0 0 -1.524095892906189 686.7553100585938 162.80447387695312 714.4398193359375 235.562744140625 1.9074128 1.8293195 0.6441983 2.3715332 1.5770081 19.132915 -1.4007744789123535 0.9479081630706787
Cyclist 0.0 0 -1.9971178770065308 976.4071044921875 125.8508071899414 1037.7701416015625 203.7543487548828 1.770271 1.7183871 0.5652655 9.168092 0.68195415 16.816198 -1.4979718923568726 0.15777312219142914
Cyclist 0.0 0 -1.8622056245803833 786.33056640625 175.90438842773438 827.4296875 241.56124877929688 1.8106167 1.6818088 0.5676859 5.241896 1.7683816 19.477406 -1.599307656288147 0.15608203411102295
Car 0.0 0 -0.9854036569595337 25.055442810058594 88.458984375 413.570068359375 329.55340576171875 5.314191 2.4700263 2.0729995 -4.887691 1.6057525 10.16329 -1.4336680173873901 0.9268978238105774
Car 0.0 0 1.4632534980773926 765.9299926757812 176.64190673828125 845.6038818359375 242.9078369140625 3.6539302 1.5439647 1.6090481 4.9891148 1.6539636 18.955574 1.7206170558929443 0.2242630124092102
Car 0.0 0 -0.6597681045532227 11.504410743713379 192.223876953125 211.0377655029297 268.4491882324219 3.6213286 1.457572 1.5419457 -11.424066 1.9602928 16.750532 -1.25831937789917 0.1953120082616806
