Pedestrian 0.0 0 -2.7451159954071045 413.6137390136719 170.45364379882812 466.55792236328125 260.85040283203125 0.81911176 1.733198 0.6794335 -3.393632 1.6875334 14.232939 -2.9791808128356934 0.1964198499917984
Pedestrian 0.0 0 -0.392097532749176 789.596923828125 134.2872314453125 899.8915405273438 275.1664733886719 1.1064603 1.646886 0.6735556 2.7921746 1.1963961 8.8147745 -0.08533574640750885 0.17805910110473633
Pedestrian 0.0 0 -1.585350513458252 692.4163208007812 161.78790283203125 715.7577514648438 229.92764282226562 1.4933655 1.7143173 0.5798803 2.4072871 1.4362652 18.924713 -1.4588266611099243 0.1715357005596161
Pedestrian 0.0 0 0.9440940022468567 956.5569458007812 149.6988983154297 1171.134765625 375.0 1.5590198 1.6745912 0.5919665 3.364933 1.5204402 5.614142 1.4840481281280518 0.11004085093736649
Cyclist 0.0 0 -1.403066873550415 685.313720703125 159.16456604003906 720.997802734375 228.4858856201172 1.8561954 1.7691756 0.6541377 2.4759963 1.4201607 19.394978 -1.2760919332504272 0.4695492386817932
Cyclist 0.0 0 -1.332594871520996 417.73492431640625 171.51849365234375 465.9944152832031 262.5887756347656 1.2365136 1.7319126 0.66412246 -3.3726003 1.7068728 14.3396 -1.563591480255127 0.2237514853477478
Cyclist 0.0 0 -0.43430203199386597 800.20458984375 136.2257843017578 935.5902099609375 276.87432861328125 1.4309362 1.6450503 0.6175511 3.0747504 1.216998 8.814235 -0.09866172075271606 0.21163037419319153
Cyclist 0.0 0 0.9440940022468567 956.5569458007812 149.6988983154297 1171.134765625 375.0 1.5590198 1.6745912 0.5919665 3.364933 1.5204402 5.614142 1.4840481281280518 0.19572830200195312
Car 0.0 0 -1.0717613697052002 46.27565002441406 104.47359466552734 395.9631042480469 330.66876220703125 5.0518813 2.3427489 1.9623483 -4.86643 1.6348773 10.040223 -1.523088812828064 0.5959864854812622
Car 0.0 0 -0.4338463544845581 811.5806884765625 184.58253479003906 1151.0079345703125 310.06561279296875 3.60801 1.4651082 1.5702599 4.589714 1.6316231 9.397302 0.020484447479248047 0.22606435418128967
Car 0.0 0 -0.9598401188850403 0.0 156.2462615966797 198.80531311035156 279.2575378417969 3.8493955 1.544459 1.6040125 -8.1805315 1.3362994 11.003127 -1.5991511344909668 0.22388745844364166
